06551823700006400512
20041334900154335819
36264388250348006122
14688048887649340276
99018524114877983277
62599637083367145148
63288769686568028769
70177013003426975176
50211456432304707302
24527020811752135660
35724772187861232393
63402042422233560456
72681861342593451795
28930333385945337220
16995157864116221512
33402052803326522427
70278468525751198539
85371280630478058345
61355240643460408590
57293030100167548165
01021961623150131640
39634588117785841753
76009727294965231162
81889137850117241978
36427831238752734428
09783257934267085760
39904826476287859854
24882103707580587978
99070791436990824226
58260076409825259071
41358555486406032152
39339746800269792715
17356420828606982183
05963902703672992520
37798106112347894385
56469094770519698923
53055711155243138760
94363878238352657543
80993267840735125760
03233734670163175833
22737035060190082071
45426869491607373828
57206925061279807472
49985363179942879581
75792189663096076791
18026560525855951408
34014134067424088689
18049117920224391081
08844666639220812849
83843901094128368205
99002771264411153625
49595142416891887157
23152120080800369828
56525854260332563490
49268916008857316661
94083432797474463631
19297775503742646742
87185995854187224152
67866830338271913036
97366039613541403373
45492217338807592243
69733818575879817219
98661237013623253275
01846840765651640826
19146866445304963988
37629757815589858329
67460588153066289033
64420156747942572966
79434381984678327698
30576979334152055366
07890863693450802775
68942618371248607731
43602612576923753418
17846617589657702811
73320155837414226617
08881579223481694726
74048454099597263178
02509250356322879960
74625652838344560965
14558884378156363075
08388456156764245194
04020836671786574883
70865241219474324691
87743310432765071885
30775497178603401147
07189770624206135568
03447798469996297782
00505966299024761675
64288186037399904123
44215279483789272157
57397254651574064181
39353629398244725052
07663411509586391213
24630039017996130107
69247651480326949680
75272202402395429256
08367292708615864666
46627542737991514187
90348406029672546240
18072735196707531964
50806220331289668755
57394682754168325564
16170802020639587910
32541840783381167036
82688405011547692065
94684244987297478045
29188376302983202515
07549958350601758484
40645613956415105859
47027965369410693526
67354304807216944649
29776574887821968462
89894947778759086837
70669629333447636134
77440885974249589535
19737719279511518610
99935197866886354767
91087623021726604664
48777905980030007342
48867620327686016517
45803269343458467192
01241705486823789169
92288989464521547687
97450695267940647703
54889119025793684243
76504178882925419634
80809575701796521092
22763743588726859414
91704833844630045498
77527214480780780199
63851237654971616225
11066354596891795228
01942128538047599167
37178797521510078143
99470897942853333369
54212931569449187636
79533363075820337709
45329434457653260853
12509795567233713079
26583182684810208372
82156381705030367751
01245039260969796459
08987416375866327142
24164120565039098827
65728959711467708079
02518471519587672805
62332195116190507995
99695155029041949629
75893403875901724532
21212846352718116847
30043762438784809567
67620613979207852692
30089189324364454713
83823480049787784821
74328240614635254295
12020580525061383938
61815449365086369743
88454294145968927586
87736887446716357834
38512074102999435058
80218691589452409243
75680286507066793482
76397976633330680408
22041658691257197193
91293440404306625165
99961343246402199666
78738854117506604892
88700189332517690265
42813155568892579632
68791218603016193974
09218529284575296685
84773992348833429206
92754151252769358552
99283168309241545471
38173738563564591397
32297759294737545251
40786754184371512153
12766375904191163057
30012881560414988933
29530022268031482129
68516557909197793919
14630131104059734389
22435105079130872877
35037624192688592055
19899476392212983718
75074282980682587843
76925744614088237747
97331334436607821145
93619011191803460308
01331581752650269384
88657215310091449752
25677758638499859512
22820337584101374366
49109711164660646134
09522062435168370601
21002526043055548800
33372132885072614507
60285211897172853833
15322219843827125100
15426938481779303319
50104158896676045106
09591469789977695881
34994121920878305936
21304993172829417295
31769102622045316379
12445453330691735006
84770893364818704336
15400220236743018321
43281364114527777743
16445737346833825304
69468844224407050661
51271295402524387067
57223160255560301228
35810123298513813510
47182393252648751390
48759405349817583452
15803417060277626003
58634706111018212930
69772446207051164146
81026572541733477193
42419049670946039653
45574504194697964534
13641217393624559923
81359421835652163739
30373237462766123258
81400439595920912763
83485189914116967677
08825130276455932019
62416692259799190021
65080102815743567810
93075824631273409545
07153156960517592918
96464937935267894907
53393904623724543199
98749227605935233774
87586700008596252841
89370465882324873471
83022752090677194594
44288929183411897719
51181427046280576505
65856113905564263428
81297051352339059587
84281282268087847671
67081537832613657047
63202556802912000715
93113930458468095886
95046230618104418902
77733694036208657952
07941298695879680705
89058881259797600741
88360501250462567602
26251668673922925949
40798558044511377129
03404613553374512533
30653867927082820163
41124160797848878864
22287213413076781817
90274397133647565946
21696722228808585037
96035929813329979392
27519108252040226009
19610473268705078111
86628957053192830759
23369901789622813976
65237671443757626759
28602716100552959988
62049482238309485982
93055019417580144525
34537955678125261018
78228670843834750840
07906993558656553105
41860829940257124734
35834837001700583844
09607758796691022895
30210244582852655339
87153933414944504571
75440380182796696193
92131397679797929963
58589546152421778929
94739458725883579240
46747357776005476910
76736340193351674614
47102658865730081749
90116767224759691600
83926790997883985167
64030522128969579828
09251161194529969605
74439782937026507334
73663030997282479247
27812344691157003492
19083027621348523662
32209587605638923819
31619976240525006384
72287200481060567380
91778720436856460563
69057398699853221050
81440644974781671401
53223176075175449841
10676515072690077015
21073396554149381835
70631830304197363435
58392975612682037627
99622500788932097520
20591796926258135644
91102375749864314479
71624047806014429352
41817827476252071774
97307546809700541691
03624289474347709255
85523073261676168026
34354834809686768249
20300574761424302164
85551629384905833936
81545457857391649445
36853315688001556488
32132965181251963768
07627942616569273061
75060107704169089987
93016432643318408716
12478714960070242019
09171222680949590085
13083638808345779697
49495440636473571320
48860461360820189523
06576581665105530807
50274116169733663476
92612284474093130714
66847027966342930211
98224396987160473978
80375122132206118366
20898397311778406709
40199841799780179968
41294429912771523481
40770286306267010851
02688330924524717562
46722616408530059124
01306298893245908951
33148428758715280050
50261636875931941001
27318654566507762945
50344614942201047067
00820753210782084669
44257560532275150068
24665469759267853929
44112574215812751235
05586412230247820616
06972113175017688965
12673423385043573018
76022019640196348569
95500202600037482022
50959901215311117147
44806539558167265403
97362932517611846189
49609921630692014373
07285984568167964949
37605629323720341688
62213005637194087076
03743290354886219988
96018032673083717278
61540972116880867368
78938253099048503370
63590383553225931275
09126111492820963253
57437489762051043403
03980996316072683804
30072613282326062227
29804712300635416902
18643429829580966256
83039136748284215558
37954307135892415534
66855435749386473468
60129667777751127611
73178069679779839151
63924786099356117987
39282396092120837557
67871233243382806396
56506837640762980941
54364911273392052708
50908598191778969461
31989887267175627094
10173205761428174608
15134390565696257873
06254884384698611182
74901151541808627068
53647302016869938020
77489140452540288811
65386768604628791183
37462682396186476691
72305313405238556852
12205575406507043892
97889350572485437290
80918461494765853678
69758181261746325863
78768669752742085659
10827375609326503715
72811162142530971870
68263302686832119396
91860823383899124088
68727501185078035352
63147928225535483304
43187265573081058495
18072914424058063108
73509561381778558318
48203846513456669524
61349436369929970571
82870537683729457991
08140021209230179737
97290466098711120368
43593952793591894167
02591336143246482391
29365654825467099183
19070265091352750302
12259268336030911104
53364136578580925121
17655704185437128429
51288062527988400140
91877427365990080556
22528010617641876136
45327959982175182194
61174024244861958649
83129116666100410212
11336746477926238921
04976443728622640638
29597248687393205877
64744406621970988356
48624675183346977249
83281582003395288412
21333298423642607614
34451522981424305078
88220839463474442936
73465419045714190263
11400648052639302011
48389515360805864870
12160300783129643470
98891612960740166856
60722292952415257710
51941162234529729314
75511185230754360504
74662263060574021760
58019561476483072733
21199107562540276744
61262365259586670806
31387468315959683968
05833881464266653041
30985337442811556480
98978507132682202009
34330230798234603180
95449946891384064489
95230103277852172851
08710610879531176204
26332873576771586376
64498397927599804342
72745984106295744669
42551828969965847728
61386056376312389446
87894533658177401778
03978267496983890358
79750452929694558835
04176424620848648536
74607300141767033668
12130425813097012394
34545835669128038641
75454016771290061515
98979697520135279004
03916955946811004849
90140021637741959828
86759963916681581477
36432068921412654574
10658810023994176587
75769739833751654000
36881175560504518466
31744492562144824075
00263765957363551235
93828408468871397592
03172699067404241975
61632327708071564734
50052489287632364430
37538665277570679434
49253867325806348259
46250898967792663446
33319578337749012920
52681313373662633766
61758749248502165611
54111710936603109588
45809588094590393320
55319219910471979318
30925926929365100525
15498855922423587325
30124498537729340528
81157946718690773868
27290826620567119326
19142998637558006408
13522552354674998902
89821557366952922688
99128324451256930876
80160746029569417082
14458086601315989277
48741320999308234909
14937463585356338809
61456465222734149578
00477161975643946308
92226724160922080129
87019350313175292560
77186933096193917459
22338579589986887902
29674315960486652694
89198152016134928215
81323367854779573442
99709777295389298436
00946618339818230538
68854371864260719359
72889254676369208844
58061096885526629109
25485273134845384213
00931421881850202660
96993420468026767701
04241157814731877080
79152241381171794356
94452108571325537591
85021035773316813718
45961742742936759826
85089498254166607821
21984939647194630603
31998165692114088999
38489859442145407826
60560233601625178351
77383625328051920449
61468549882626223276
38528187860751949522
72326772972929774636
78512527328181912470
11347916331915335769
95550993391153151003
61276884787191745879
91349161497138814892
00885447053519468694
32723300959645586053
44187451717088615796
59764042862606287748
74634534294578250644
78885062723493473095
80669157104333560218
74888442390033416486
93395758586572056475
89151009007393236976
58989907402727932426
53853958533286563912
27297337479705464612
46848633292578265358
71227598524438101396
21035427831615039579
42455036042702586733
80135681122832091052
37778973836691338486
49403478254843595180
74986138075491870750
69542623362483886267
53499841799933499493
27199583449049094913
92967619755060629823
63821989643111349985
83610588189389655945
56238384514329922895
22898769963590417096
35838793216382842757
02336849053842481018
94658571767071657708
16902430470840986803
19427142403025152794
94287536140106512762
19896744722702058081
32215669460172333242
10760743284557303247
74072431738776509600
35804571490139002598
95155331468976171072
91397299317435366373
42203950096058347311
83508369192179229464
33640174899381204262
67660690015869096982
73450212588750537038
24125538493790854887
20943322080489792332
04679016125448952263
45233289303043189059
77790962729682031622
64017083389314570339
20236827082515994294
23870279408318088546
92950902378290425446
08950619869654479534
03426725898601078796
80230493199085264267
60708537847743415044
16932804169284858063
98040664926419689396
77584287533549838356
91193109776933425985
03066515929717023891
06758944242489301267
86203744317165448477
84931587332666639515
04589830920839113711
26582590973521793555
75872309315686659446
47197022840509119572
06743517188418130458
26672294523973712724
33553436266304585919
46852540510693307799
90190680086346343331
01784529619554250305
65786711977044980497
89207824567278488656
80514264214599341579
76389623814334463739
52451705124814187170
00137705651159157827
64959033622356905916
59915509652378574736
86233500375000095422
56246532419382760946
92809388417748854109
04897213974579306728
13977471147483157780
26348458091379861876
56535746833642555566
57350778771056906577
72229431393497223848
64620386952805965867
27313068287237708328
09354087517094849824
22626860390726603881
84700307991782385208
97512315485915964921
70570593897762168933
16958027101347072621
32762205662141539185
60852457136013823320
67414735364110190251
98073416833856487841
39183937833991150436
13995190443296072737
80284710985744611863
40376612981523884157
64061815754667545940
11453275954994054435
29349010808398875263
25679168452620656533
56889656001305908441
14561346348254173029
66836958344432195460
48761565311931066987
99155065935975864798
05490445653593381185
11079744494719932650
77196607611182964409
82871007913993052877
23214104268463550388
62086754823652160139
65860294182864717185
14417930857319155035
79872017712256745953
37743651403712324454
85443197438504970693
85204756978003169993
91206494164472237676
82265787565523994767
98300999573114481313
74508630240262922434
13177946442380068725
20775370802690695043
64754479220960078561
01504637114668467030
29539679771267512085
10335141379976752783
16560529373076307503
64113233471722220007
49547971890977320148
37891256203623686812
95881071731305277849
76756446910630345361
16182677397258562586
81878120428444395117
03854498921891938042
35622621124377745033
79547788319757567966
99841471935106303176
31371812492682239455
23828323204946350217
33815341513720212369
57157756278572416843
28260468579256080214
96014670178825872506
81754572891383718278
81002123649957765441
15837442813895586122
95655435476401315074
17487016679040698230
70354865920025594944
89386653887974467706
83224685203002169591
19270464774213972121
44933672697438133428
12727776278436349213
35472302507524420099
46623225392358351987
18563666340919073354
82681967565783778808
88663324268139153571
21342210316210363428
40910301715485215443
63866489145035420492
08003050082757398953
70963250431285526268
08463270816047341135
41322505279630121580
36102013913653219218
50900068825642879581
30670761108207710731
78679383830557684627
98348033403387050467
89823576335012557160
04036280972777587873
85763621765534933300
33745506821723451221
70109104966227307619
67366435983674814062
65074658397150299343
00387711035043865515
32596304642284809091
81384103666554718245
18483051485379181114
03152527056687014567
40768181923896978103
15331508981090453302
50188454911622354762
34955589582242719638
97494457914559699284
76964219394105778749
05593730371437859001
04262007202950192953
32602532775610655773
70865647163328399054
06605934934863306552
28999374330703786591
93189604516103492289
34579015573185710445
83768690182663444293
07037117777162114150
54925125588822567659
40567949536296527697
09801725272868095906
40015390847837204930
79227848941838943939
47768501959921669816
67282470393463466012
26840917819740252299
90118974130849820282
86811696317333393789
58148353612893413372
86152464515392307847
69127866033985495137
31420249124385107483
84769630659726428892
07500609376900112791
84482618007319110917
12509445255204404660
95323142511237558108
62919649432267058309
42054881933914800316
55613642472405738636
52908251638011689226
23876121728429157741
90060704053624361221
58310212586033457739
84857376089360091537
34738142560448003721
59730100482384615818
33607156729837291275
31168660795638121424
18399902021020425749
96131757662695263213
24220448920349293963
25787859478648209169
74563224942224976199
85654784445039462333
82927464694521723621
35981726638651570256
78184684480043461916
37768302379722838319
76763101094499186089
86051875953814417624
15904755790160782518
86284552351748357449
54668237348086685174
87451623152724891756
60609508199660502467
30756034173169755212
77542416128316444256
31507155545716971134
50174501705716802977
26284516274795694422
49115527823796222679
46973869224352064095
93845393566931440007
19330272295728228220
93496514050574237886
06488754726772962163
10560217185514142517
28261312259121831336
18583895085145680292
05661197200856509824
29487557906497810486
52486498832309827743
53868442962106906351
45172181118396158035
61587792383112423853
04941897012488998855
42615703092632915539
40855005798689146569
63311846941485387790
03958728847826847163
03880131429077334548
99286987073350268350
07904592217030398864
19442986029854152531
16832128727471172848
22334726859811904850
16185258208891723631
34554756204544134133
89371764741680112315
49030812483696831629
57900004774503828452
28749802498075515782
26519168749791624831
02764121502598958708
09125627901096048317
96079469578460341429
53553284547075551557
43973906640964628496
75557129001184611406
31962763286810303286
96034172674229246740
44507554584674146158
75388477484491343094
36523272421844056029
88773045576512026638
75665158906782460313
89299590636137233876
98763278166207923789
52683386491847907099
66955395256482532148
15056884724926425057
75594217689162328556
01293158928882144303
42643727038070476768
19968518610355765459
83756291129948949323
65101485713346572376
82402680488688042062
61991222639895748714
92063952324181397281
05065941837708279159
81211559664694213162
79703948460595093249
44663471960256888345
17327510374767980829
58411517460503095435
15045870027955550970
19656603503694827649
57526557492431347409
62182183470873303634
40124966548201899320
63891835038381413192
32285931288395889869
84557670798538272856
00872026497076703907
30500450106087922828
04650381611598185171
40350656999280734235
45279095983928916070
22736366249880130333
96219968809786487051
20064913378738634213
31806357787033115571
00500267276502043727
51628128053553576404
79922274484395543946
42922223372229243678
25085199500911702704
27458783021564056810
31376066280377322100
87634945023170625871
22674191257534489049
51890013986469572929
95272932431976938023
28142641000898040580
60244578778271167057
98657184205470319726
23090599253924029864
07487065808053993206
84026125896871017724
75973362040371338150
56121908119447026107
06115331109269900272
08884645569324181890
61894621353422351284
87751738174816589459
65557488652176235377
21861755105309219722
34591577349076993064
04937195100042424438
66477591589403097512
28512797452771708241
55151109304021016979
41540816294099491631
85022335719426645750
04314942321078052100
14621596368175804956
00048284475102500700
16724722462847382816
59401703214840514315
63334621205454085161
35986419178572027414
41301909985545505173
38619346358770713256
50714222217471274586
48099367975678380331
05750258810547803038
81095241302403268620
37282066921589674364
16460154260855868223
82149744455951463894
09157025184604866366
68609851893074536162
03106461729635671732
80327725285731551445
15272515478019038162
95254964202827899516
54832094508758443192
04225202120537483364
26049966622335076103
90595493077001630452
69838274696432351453
15766212550631753965
61793334569700591361
50470811362095642709
95716571639508026052
43980008314428260095
25250027335080236215
35636746377549649555
87023840266139247838
91515317203294590634
69473620502715216391
72591088505919404596
68340939932384755555
29022319385018246949
75890492116675148308
17301283858557412882
49151569251927050950
13997092836066493047
29397423279896242926
64092979942198990721
60432006359395588293
28389377956976703963
55545852021731378202
08937223983863298514
33502456033400741300
74779731634109440993
96163705904646792429
28493299269956145533
59579081005076615088
64991513149105686348
27945545998558085272
34221745543411260897
20384823531184640951
95120305056367294157
90582185821990176539
07494919500091298577
66882258325551116548
53474637486734484185
07557863061141369173
36356021170953836485
56600127428666403557
90660734600192588552
11395603915250152389
62941772433141357102
68966200901654272531
90390871175349807652
97679964710222011829
57773123783612165643
01262549008119646294
69957956442441375505
70634874454861168753
54257576276321988351
74629913815058338364
50147289921310579194
79584815254141292273
